
strategic_region={
	id=120
	name="STRATEGICREGION_120"
	provinces={
		3 30 38 78 80 90 95 98 99 134 136 148 175 180 187 197 204 206 219 228 248 257 259 260 272 286 300 310 326 332 341 368 386 391 395 422 425 462 491 500 530 537 558 576 643 652 658 694 739 743 744 747 755 773 847 877 884 919 952 974 1020 1029 1087 1107 1118 1158 1159 1187 1192 1195 1243 1347 1357 1363 1376 1459 1461 1560 1653 1691 1757 1761 1782 1945 1963 1981 2002 2022 2029 2049 2055 2065 2080 2120 2276 2360 2545 2550 2677 2791 2879 2904 2974 3018 3128 3146 3371 3373 3410 3468 3480 3510 3524 3889 3932 4053 4257 4304 4540 4541 4658 4784 4810 4919 5076 5165 5554 5681 5814 5868 5924 5934 6217 6225 6245 6425 10159 10453 10491 10521 10524 10544 10573 10578 10579 10587 10589 10618 10639 10654 10698 10709 10710 10724 10741 10769 10771 10784 10790 10797 10811 10865 10872 10879 10891 11016 11050 11086 11099 11112 11113 11131 11140 11151 
	}
	weather={
	}
}
