
strategic_region={
	id=89
	name="STRATEGICREGION_89"
	provinces={
		15 28 35 106 119 127 150 164 230 324 327 334 358 450 459 463 511 516 554 555 584 587 625 635 665 669 703 742 745 765 775 814 817 853 859 899 906 937 994 1163 1165 1217 1294 1328 1329 1344 1348 1351 1371 1415 1528 1573 1606 1618 1630 1670 1677 1683 1692 1737 1787 1867 1889 1938 1983 2089 2094 2119 2144 2190 2233 2293 2328 2350 2393 2412 2432 2472 2478 2557 2569 2607 2637 2667 2711 2730 2735 2745 2760 2771 2786 2814 2825 2866 2893 2961 2972 2975 3116 3147 3239 3257 3287 3314 3381 3442 3570 3583 3609 3631 3632 3702 3705 3714 3758 3783 3849 3979 3998 4028 4044 4083 4089 4123 4203 4246 4269 4299 4328 4335 4430 4436 4477 4621 4793 4852 4972 4991 5133 5158 5205 5222 5228 5368 5371 5384 5416 5436 5468 5559 5583 5669 5691 5707 5783 5821 5945 5947 6031 6035 6094 6148 6223 6444 11284 11291 11292 11293 11298 11302 11306 11308 11310 11312 11316 11317 11318 11320 11322 11324 11328 11332 11336 11338 11339 11340 11344 11345 11352 11354 11355 11358 11361 11362 11363 11365 11366 11367 11368 11369 11373 11374 11375 11376 11378 11380 11381 11382 11386 11388 11390 11391 11393 11395 11400 11401 11404 11405 11407 11408 11410 11589 11591
	}
	weather={
	}
}
