1 2 
1 7 
1 16 
1 360 
1 389 
1 495 
1 830 
1 1361 
1 1516 
1 1581 
1 1595 
1 1656 
1 1751 
1 1902 
1 1997 
1 2046 
1 2112 
1 2138 
1 2396 
1 2417 
1 2466 
1 2467 
1 2559 
1 2563 
1 2592 
1 2770 
1 2832 
1 2886 
1 2927 
1 2983 
1 3010 
1 3103 
1 3104 
1 3124 
1 3137 
1 3182 
1 3329 
1 3409 
1 3447 
1 3653 
1 3965 
1 4012 
1 4041 
1 4086 
1 4149 
1 4158 
1 4202 
1 4224 
1 4282 
1 4341 
1 4452 
1 4563 
1 4577 
1 4665 
1 4688 
1 4735 
1 4738 
1 4747 
1 4794 
1 4859 
1 4911 
1 4928 
1 5018 
1 5082 
1 5170 
1 5191 
1 5230 
1 5307 
1 5311 
1 5314 
1 5321 
1 5332 
1 5334 
1 5356 
1 5397 
1 5517 
1 5579 
1 5612 
1 5619 
1 5675 
1 5709 
1 5807 
1 5900 
1 6018 
1 6038 
1 6191 
1 6280 
1 6321 
1 6376 
1 6453 
1 7304 
1 7335 
1 7509 
1 7543 
1 7610 
1 7764 
1 7948 
1 7949 
1 7972 
1 8066 
1 8122 
1 8176 
1 8199 
1 8306 
1 8358 
1 8385 
1 8405 
1 8511 
1 8512 
1 8513 
1 8532 
1 8620 
1 8657 
1 8672 
1 8674 
1 8697 
1 8742 
1 8773 
1 8780 
1 8857 
1 8895 
1 8968 
1 8988 
1 9010 
1 9079 
1 9115 
1 9158 
1 9169 
1 9178 
1 9201 
1 9217 
1 9269 
1 9304 
1 9372 
1 9379 
1 9383 
1 9438 
1 9486 
1 9696 
1 9715 
1 9735 
1 9764 
1 9766 
1 9798 
1 9856 
1 9947 
1 9984 
1 10028 
1 10029 
1 10037 
1 10087 
1 10112 
1 10122 
1 10123 
1 10130 
1 10155 
1 10181 
1 10228 
1 10237 
1 10434 
1 10465 
1 10552 
1 10558 
1 10635 
1 10637 
1 10646 
1 10751 
