state={
	id=16
	name="Quebec"
	provinces={
		33 57 64 91 123 157 159 163 217 232 242 352 372 385 408 419 436 439 442 470 496 499 501 518 548 561 579 601 604 641 664 724 820 1032 1034 1057 1062 1086 1090 1119 1120 1136 1138 1161 1179 1205 1250 1266 1314 1334 1407 1450 1490 1515 1577 1578 1627 1635 1642 1673 1800 1866 1974 2050 2072 2078 2088 2176 2238 2263 2275 2352 2398 2406 2408 2416 2656 2690 2773 2899 2958 2971 3140 3190 3222 3294 3438 3501 3507 3588 3698 3720 3822 3922 3995 4003 4034 4035 4235 4250 4289 4454 4485 4529 5006 5119 5142 5254 5315 5335 5402 5556 5697 5721 5722 5731 5737 5929 6352 6484 6490 6493 6529 6534 6556 6573 6591 6594 6600 6615 6617 6638 6660 6676 6677 6745 6791 6799 6982 7041 11448 11468 5262 11434 11425 11423 1023 6141 	538 809 1405 1996 6464 6475 11419 11420 689 11413 2358 11418 11432 11443 11414 11451 11464 4298 13333 10256 11494 11493 11490 11557
	}
	resources={
		aluminium=4 # was: 4.000
	}

	state_category = city

	history={
		owner = CAN
		buildings = {
			infrastructure = 3
			industrial_complex = 1
		}
		add_core_of = CAN

	}

	manpower=318860

	buildings_max_level_factor=1.000
}
