
state={
	id=218
	name="STATE_661"
	resources={
		rubber=45.000
	}

	history={
		owner = ITA
		add_core_of = SWE
		buildings = {
			infrastructure = 5

		}

	}

	provinces={
		294 452 978 1178 1277 1511 1807 1917 2265 2451 2963 2968 2998 3004 3023 4376 4381 4504 4734 4801 5310 5505 5917 6037 6115 6189 6241 6411 10508 10531 10545 10563 10574 10575 10602 10603 10604 10610 10611 10622 10623 10629 10640 10641 10649 10655 10656 10657 10665 10686 10687 10688 10693 10695 10703 10708 10715 10718 10723 10735 10753 
	}
	manpower=17617
	buildings_max_level_factor=1.000
	state_category=wasteland
}
