
state={
	id=298
	name="STATE_262"
	resources={
		oil=7.000
	}

	history={
		owner = SOV
		buildings = {
			infrastructure = 1

		}
		add_core_of = SOV

	}

	provinces={
		6 9 170 190 231 237 274 295 315 319 429 443 536 573 583 632 679 760 803 895 907 916 1008 1024 1127 1200 1390 1422 1498 1514 1603 1760 1808 1920 2121 2126 2130 2147 2167 2236 2283 2292 2345 2376 2485 2539 2562 2725 2827 2889 2897 3015 3033 3096 3102 3133 3313 3487 3651 3670 3749 3760 3767 3778 3873 3954 3958 4129 4166 4412 4614 4818 5085 5136 5157 5160 5572 5872 5904 6272 6499 6507 6508 6509 6514 6515 6519 6527 6528 6535 6536 6540 6541 6542 6543 6544 6551 6552 6554 6560 6562 6563 6567 6569 6570 6582 6587 6590 6601 6603 6609 11437
	}
	manpower=43590
	buildings_max_level_factor=1.000
	state_category=rural
	impassable = yes
}
