

state={
	id=398
	name="STATE_264"
	manpower = 185559

	state_category = rural

	history={
		owner = SOV
		victory_points = {
			6198 1
		}
		buildings = {
			infrastructure = 4
			air_base = 1
		}
		add_core_of = SOV
	}

	provinces={
		886 1216 1446 1512 1717 1940 1977 2108 2348 2474 2862 2926 2930 3084 3431 3967 4242 4501 4534 4648 4785 4910 5086 5385 5540 5560 5568 5624 5679 5836 5837 5977 6048 6198 6293 6707 6718 6721 6725 6726 6729 6734 6739 6741 6742 6743 6755 6760 6761 6779 6781 6782 6794 6795 6796 6798 6802 6814 6815 6816 6820 6828 6830 6831 6836 6839 6840 6854 6862 6863 6869 11553
	}
}
