state={
	id=464
	name="Ireland"
	manpower = 1
	state_category = city
	history={
		owner = ENG
		add_core_of = ENG
		buildings = {
			infrastructure = 1
		}
	}
	provinces={
		1414 2747 2839 2907 3734 3899 4403 4732 4880 5188 6108 6334 7284 7318 7328 7379 7410 7411 7420 7481 7495 7505 7520 7572 7608 7617 7657
		1448 1505 1551 1631 2665 3577 4137 5318 5447 5931 6213 7479 7519 7538 7539 7559 7571 7581 7626 7634 7645 7672 7673 7686 7717 7763 7773 7802
		2171 2591 2826 3283 4980 5811 5859 7265 7266 7272 7295 7302 7317 7333 7353 7363 7367 7375 7387 7419 7430 7467 7480 7175 1720 5481 7168 7186 7210 11488 5200
	}
}
