state={
	id=466
	name="Turkey"
	provinces={
		3351 3475 3858 4881 5332 5446 6286 6331 9774 9775 9796 9805 9818 9828 9829 9859 9879 1902 1904 3888 4041 4608 5463 9810 2845 4623 5199 6328 9875 9880 9897 9903 9932 9935 360 1209 4306 5098 10041 1105 2269 2300 5905 9983 10025 287 2502 2743 4013 5575 1884 2076 3105 3540 5347 10156 97 251 276 1298 3724 5672 495 3278 5960 9947 586 1831 2277 2640 2788 2847 9727 9728 336 808 1346 1883 2619 3341 5806 9952 9963 9997 1482 2403 2922 2957 4838 10113 173 191 889 2359 4074 6274 6369 9956 1951 1966 2381 3250 9830 1361 2372 4369 5321 5536 9878 9892 925 1106 2477 2563 5227 9989 1639 225 1030 2599 2887 2914 10049 10082 11577 11576 11502
	}
	manpower=1
	state_category = wasteland
	buildings_max_level_factor=1.000
	history={
		owner = TUR
		add_core_of = TUR
		buildings = {
			infrastructure = 6
			arms_factory = 5
			industrial_complex = 1
			air_base = 3
			dockyard = 1 }
		}
}
