
state={
	id=477
	name="STATE_679"
	history={
		owner = TUR
		add_core_of = TUR
		buildings = {
			infrastructure = 1 }
		}

	provinces={
		1 66 179 677 813 849 863 864 898 1046 1104 1242 1264 1291 1358 1394 1402 1621 1804 1805 1855 1913 2180 2438 2450 2681 2740 2844 2854 3000 3022 3282 3473 3654 3831 4067 4097 4267 4345 4379 4426 4552 4676 4756 4770 4789 4965 5247 5434 5584 5601 5664 5835 5881 6136 6188 6230 10843 10844 10859 10866 10867 10868 10881 10885 10886 10896 10900 10904 10914 10915 10916 10918 10923 10926 10929 10939 10942 10944 10950 10952 10955 10957 10958 10963 10964 10972 10975 10979 10981 10982 10989 10992 11002 11009 11011 11015 11030 11033 11042 11107 11116 11129 
	}
	manpower=1
	buildings_max_level_factor=1.000
	state_category=pastoral
}
