state={
	id=482
	name="Neutral South America"
	provinces={
		82 273 455 466 473 667 2020 2240 2542 4205
		5 46 103 110 194 254 262 289 344 362 489 512 552 572 700 763 769 785 838 897 1044 1080 1129 1315 1380 1396 1604 1640 1957 2077 2193 2247 2520 2704 2729 2808 2916 3034 3059 3402 3517 3957 4091 4225 4813 4831 4850 5313 5378 5460 5652 5780 6299 11137 11155 11161 11165 11166 11174 11222 11262 29 599 671 706 871 970 998 3163 11122 750 2246 3016 156 707 730 1287 1605 1615 5438 		41 203 311 353 367 458 506 510 514 524 732 788 900 989 1191 1453 1608 1721 1820 2254 2302 2509 2586 2639 2768 3066 3317 4027 4043 4237 4446 4817 5056 5503 6423 11178 11179 11183 11184 11186 11188 11189 11191 11192 11194 11198 11203 11210 11224 11227 11283 73 93 819 11185 	297 1038 1689 2061 2199 3866 4418
		221 329 390 440 478 589 858 1368 11379 		171 216 535 725 1257 1613 2017 3768 887 11399 		567 777 909 2296 4901 11360 135 642 3192 4544 6160 11215
		54 141 224 301 580 1037 1822 2170 4944 5551 11406 137 2852 165 240 393 936 1442 2422 2517 4363 428 1529 152 288 313 1486 2865 3042 4207 5031 6412 513 870 2228
		612 2405 			4 79 192 465 716 1485 5039 321 933 2554 3048
		11592 13364

	}
	manpower=1
	state_category = wasteland
	buildings_max_level_factor=1.000
}
