
state={
	id=488
	name="Arabian desert"
	provinces={
		22 212 215 508 651 668 972 1011 1084 1146 1278 1285 1367 1475 1592 1695 1699 1732 1758 1989 2068 2192 2205 2448 2582 2593 2715 2806 2860 2900 2908 2919 3075 3260 3323 3335 3477 3491 3515 3788 3883 3938 4037 4148 4272 4279 4315 4336 4344 4523 4807 5045 5152 5176 5178 5215 5217 5221 5226 5309 5312 5322 5357 5392 5440 5632 5699 5706 5914 5937 5981 5998 6043 6212 6220 6367 6378 6382 10615 10628 10638 10671 10702 10733 10734 10761 10766 10777 10783 10788 10795 10796 10801 10804 10805 10810 10817 10820 10822 10827 10828 10832 10834 10835 10836 10841 10842 10845 10846 10847 10848 10849 10852 10854 10856 10857 10860 10861 10862 10863 10869 10870 10874 10875 10878 10883 10890 10895 10897 10901 10905 10907 10910 10924 10931 10932 10935 10936 10937 10940 10943 10945 10953 10959 10960
	}
	manpower=1
	buildings_max_level_factor=1.000
	state_category=rural
}
