state={
	id=7
	name="STATE_718"
	state_category = pastoral
	resources={
		rubber=7
	}
	history={
		owner = BEL
		add_core_of=SWE
		buildings = {
			infrastructure = 2
		}
	}
	provinces={
		11589 11591 106 324 459 516 554 703 742 817 859 899 1371 1528 1606 1683 1692 1737 1889 2233 2328 2350 2472 2569 2607 2667 2771 2814 2825 2961 2972 3116 3239 3257 3381 4203 4299 4430 4972 4991 5133 5222 5384 5583 5707 5945 5947 6094 11284 11292 11302 11306 11308 11312 11316 11318 11320 11324 11328 11338 11340 11344 11352 11366 11368 11373 11378
	}
	manpower=2366783
	buildings_max_level_factor=1.000
}
