state={
	id=8
	name="STATE_538"
	manpower = 1693974
	state_category = wasteland
	resources={
		rubber=5
	}
	history={
		owner = BEL
		add_core_of=SWE
		buildings = {
			infrastructure = 1
		}
	}
	provinces={
		555 665 1344 1670 2094 2393 4028 4246 5783 11291 11293 11298 11310 11317 164 334 358 450 584 625 775 814 937 1294 1348 1351 1415 1573 1677 1787 1983 2119 2190 2735 2745 2786 2866 2893 2975 3702 3783 3849 3979 4044 4089 4123 4621 4793 5228 5371 5669 6223 6444 11322 11332 11336 11339 11345 11354 11355 11358 11361 11362 11363 11365 11367 11369 11374 11375 11376

	}
}

