state={
	id=96
	name="STATE_549"
	manpower = 3694293
	state_category = rural
	history={
		victory_points = {
			4347 1
		}
		owner = ENG
		add_core_of=SWE
		buildings = {
			infrastructure = 3
		}
	}
	provinces={
		461 655 1123 1167 1382 1499 2686 5154 6153 11167 11207 11231 48 196 392 497 618 654 733 734 861 985 987 1182 1318 1585 1629 1660 1830 1885 2129 2206 2326 2333 2491 2566 2614 2632 2641 2721 2923 3065 3121 3201 3234 3254 3459 3571 3709 3907 3918 3925 4025 4221 4347 4367 4958 4988 5161 5759 5834 5893 6010 6122 11177 11180 11190 11206 11212 11213 11217 11225 11226 11238 11240 11250 11255 11260 11268 11269 11279 11287 11288
	}
}
